10
0 8 10 12 4 15 5 9 2 15 
8 0 2 7 13 1 6 8 12 13 
10 2 0 2 6 4 7 4 19 16 
12 7 2 0 15 4 11 11 13 7 
4 13 6 15 0 11 19 19 3 2 
15 1 4 4 11 0 2 16 4 19 
5 6 7 11 19 2 0 5 14 9 
9 8 4 11 19 16 5 0 13 13 
2 12 19 13 3 4 14 13 0 8 
15 13 16 7 2 19 9 13 8 0 